24970
24800
23440
23190
21810
20360
19230
18160
15360
14860
14520
13620
13250
12770
12160
12160
12100
11980
11580
11400
11340
11060
10950
10670
10640
10630
10470
10320
10300
10290
10220
10210
10200
9900
9690
9430
9240
9150
8950
8890
8870
8790
8730
8650
8570
8520
8380
7860
7670
7580
7580
7530
7500
7290
7280
7280
7050
7030
7010
6840
6830
6810
6450
6330
6310
6250
6230
6190
6160
6040
6020
5970
5900
5750
5660
5660
5640
5610
5530
5480
5420
5330
5290
5200
5200
5140
5030
4920
4880
4500
4400
4340
4290
4210
4210
4140
4090
3980
3930
3820
3780
3780
3760
3720
3660
3640
3640
3570
3560
3550
3420
3390
3300
3200
3180
3060
2830
2830
2790
2790
2770
2630
2620
2570
2550
2540
2530
2490
2450
2450
2400
2370
2340
2320
2270
2250
2230
2230
2130
2060
2050
2020
2010
2010
2010
2000
1980
1970
1870
1830
1830
1820
1750
1740
1730
1720
1690
1690
1680
1670
1620
1610
1560
1560
1550
1530
1520
1510
1500
1500
1500
1490
1490
1490
1440
1440
1410
1350
1340
1340
1300
1290
1290
1280
1280
1260
1240
1170
1150
1120
1120
1110
1100
1090
1060
1060
1060
1050
1050
1040
1020
1010
980
930
920
890
850
840
830
810
780
770
720
720
700
690
670
660
640
620
620
600
590
560
530
520
500
500
490
470
450
440
440
440
430
420
400
400
370
370
370
370
370
350
320
320
310
270
250
250
240
230
220
220
220
220
210
200
180
170
150
130
120
100
70
60
50
20
20
10
10
0
0
0
0
0
0
0
0
0
0
0
0
0
0
0
0
0
0
0
